File S1: KRMP HMM

HMMER3/b [3.0 | March 2010]
NAME  KRMP
LENG  103
ALPH  amino
RF    no
CS    no
MAP   yes
DATE  Mon Apr 30 12:13:45 2012
NSEQ  107
EFFN  2.720062
CKSUM 3360270493
STATS LOCAL MSV       -9.9499  0.71684
STATS LOCAL VITERBI  -11.0006  0.71684
STATS LOCAL FORWARD   -3.7163  0.71684
HMM          A        C        D        E        F        G        H        I        K        L        M        N        P        Q        R        S        T        V        W        Y   
            m->m     m->i     m->d     i->m     i->i     d->m     d->d
  COMPO   2.61310  3.45086  3.05054  2.87338  3.39261  2.63473  3.56002  3.06072  2.48202  2.46377  3.64788  3.15635  3.29570  3.19370  2.91773  2.68802  2.95192  2.80965  3.79546  3.26766
          2.68618  4.42225  2.77519  2.73123  3.46354  2.40513  3.72494  3.29354  2.67741  2.69355  4.24690  2.90347  2.73739  3.18146  2.89801  2.37887  2.77519  2.98518  4.58477  3.61503
          0.01168  4.85115  5.57349  0.61958  0.77255  0.00000        *
      1   4.12848  5.55455  5.34093  5.11553  4.13922  4.74622  5.63242  3.45208  4.84481  2.66509  0.29045  5.24947  5.28787  5.18649  4.91170  4.52410  4.49615  3.55884  6.01502  4.85456      1 - -
          2.68618  4.42225  2.77519  2.73123  3.46354  2.40513  3.72494  3.29354  2.67741  2.69355  4.24690  2.90347  2.73739  3.18146  2.89801  2.37887  2.77519  2.98518  4.58477  3.61503
          0.01168  4.85115  5.57349  0.61958  0.77255  0.48576  0.95510
      2   3.89462  5.91459  4.58692  3.59149  5.56684  4.39484  3.70474  4.79681  1.18712  4.09021  4.99008  3.88532  4.69136  3.21719  0.84136  3.85594  3.96752  4.49790  6.00751  4.96640      2 - -
          2.68618  4.42225  2.77519  2.73123  3.46354  2.40513  3.72494  3.29354  2.67741  2.69355  4.24690  2.90347  2.73739  3.18146  2.89801  2.37887  2.77519  2.98518  4.58477  3.61503
          0.01168  4.85115  5.57349  0.61958  0.77255  0.48576  0.95510
      3   2.30904  3.23228  4.50859  3.91995  1.92710  3.99794  3.51641  2.75243  3.76862  2.49786  3.42783  4.04161  4.36646  3.95386  3.88710  3.29627  2.98880  2.46472  4.83098  1.68856      3 - -
          2.68618  4.42225  2.77519  2.73123  3.46354  2.40513  3.72494  3.29354  2.67741  2.69355  4.24690  2.90347  2.73739  3.18146  2.89801  2.37887  2.77519  2.98518  4.58477  3.61503
          0.01168  4.85115  5.57349  0.61958  0.77255  0.48576  0.95510
      4   0.62209  4.68309  4.69631  4.27556  4.24652  3.90471  5.02758  2.53274  4.16843  3.02158  4.14277  4.31429  4.55813  4.43781  4.38172  3.33525  3.42006  2.28116  5.90851  4.71279      4 - -
          2.68618  4.42225  2.77519  2.73123  3.46354  2.40513  3.72494  3.29354  2.67741  2.69355  4.24690  2.90347  2.73739  3.18146  2.89801  2.37887  2.77519  2.98518  4.58477  3.61503
          0.01168  4.85115  5.57349  0.61958  0.77255  0.48576  0.95510
      5   1.79666  4.52691  4.86125  4.30353  3.74710  4.35631  4.79580  2.02824  4.17272  2.62447  3.68031  4.44522  4.72323  4.38838  4.31672  3.68739  3.28182  0.97656  5.38738  3.79136      5 - -
          2.68618  4.42225  2.77519  2.73123  3.46354  2.40513  3.72494  3.29354  2.67741  2.69355  4.24690  2.90347  2.73739  3.18146  2.89801  2.37887  2.77519  2.98518  4.58477  3.61503
          0.01168  4.85115  5.57349  0.61958  0.77255  0.48576  0.95510
      6   3.01606  3.97067  4.94866  4.34589  2.32685  4.21735  4.56197  1.82864  3.67183  1.36774  3.39446  4.36555  4.55953  4.28254  4.17720  3.53490  3.24875  1.78767  5.03737  3.86979      6 - -
          2.68618  4.42225  2.77519  2.73123  3.46354  2.40513  3.72494  3.29354  2.67741  2.69355  4.24690  2.90347  2.73739  3.18146  2.89801  2.37887  2.77519  2.98518  4.58477  3.61503
          0.01168  4.85115  5.57349  0.61958  0.77255  0.48576  0.95510
      7   3.30816  4.67016  5.06422  4.48368  3.53147  4.52003  4.87968  2.29303  4.32451  0.73718  3.28674  4.61460  4.82324  4.46693  4.41208  3.03242  3.54292  2.11892  5.33328  4.20158      7 - -
          2.68618  4.42225  2.77519  2.73123  3.46354  2.40513  3.72494  3.29354  2.67741  2.69355  4.24690  2.90347  2.73739  3.18146  2.89801  2.37887  2.77519  2.98518  4.58477  3.61503
          0.01168  4.85115  5.57349  0.61958  0.77255  0.48576  0.95510
      8   0.56386  3.77545  4.55177  4.13504  4.49665  3.54444  4.88556  3.73610  4.02746  3.56731  4.45200  4.07406  4.28483  4.27705  3.96734  2.98449  2.57445  2.97665  5.94227  4.77529      8 - -
          2.68618  4.42225  2.77519  2.73123  3.46354  2.40513  3.72494  3.29354  2.67741  2.69355  4.24690  2.90347  2.73739  3.18146  2.89801  2.37887  2.77519  2.98518  4.58477  3.61503
          0.01784  4.85115  4.61886  0.61958  0.77255  0.48576  0.95510
      9   3.15657  4.62815  4.48728  4.68040  3.55249  4.68137  5.13396  1.66750  4.55266  2.48403  3.49529  4.79192  4.98844  4.75070  4.66346  4.02838  3.57349  0.74293  5.62438  4.42857      9 - -
          2.68618  4.42225  2.77519  2.73123  3.46354  2.40513  3.72494  3.29354  2.67741  2.69355  4.24690  2.90347  2.73739  3.18146  2.89801  2.37887  2.77519  2.98518  4.58477  3.61503
          0.01176  4.84506  5.56741  0.61958  0.77255  0.47672  0.96974
     10   3.18167  3.14100  5.12208  4.53766  1.95423  4.42054  4.77601  2.42499  4.35726  1.83099  3.48378  4.56955  4.74649  4.48602  4.39209  3.75084  3.41854  1.13361  5.21341  4.01973     10 - -
          2.68618  4.42225  2.77519  2.73123  3.46354  2.40513  3.72494  3.29354  2.67741  2.69355  4.24690  2.90347  2.73739  3.18146  2.89801  2.37887  2.77519  2.98518  4.58477  3.61503
          0.01168  4.85115  5.57349  0.61958  0.77255  0.48576  0.95510
     11   3.94972  5.22522  5.67560  5.14030  3.11566  5.20120  5.39851  2.59806  4.96437  0.40442  3.30010  5.30434  5.34079  4.95338  4.97918  4.18865  4.17203  2.90583  5.52084  4.33856     11 - -
          2.68618  4.42225  2.77519  2.73123  3.46354  2.40513  3.72494  3.29354  2.67741  2.69355  4.24690  2.90347  2.73739  3.18146  2.89801  2.37887  2.77519  2.98518  4.58477  3.61503
          0.01168  4.85115  5.57349  0.61958  0.77255  0.48576  0.95510
     12   3.89972  5.21682  5.56784  5.08013  3.53590  5.09810  5.49196  2.48392  4.82989  0.40209  3.35902  5.25633  5.31699  4.94379  4.88143  4.13884  4.15047  2.82325  5.67343  4.56093     12 - -
          2.68618  4.42225  2.77519  2.73123  3.46354  2.40513  3.72494  3.29354  2.67741  2.69355  4.24690  2.90347  2.73739  3.18146  2.89801  2.37887  2.77519  2.98518  4.58477  3.61503
          0.09176  4.85115  2.52747  0.61958  0.77255  0.48576  0.95510
     13   2.53307  4.32465  4.33692  3.51585  3.43883  3.18918  4.29661  1.97308  3.63934  1.19761  3.43468  3.96418  4.33720  3.86620  3.81238  3.25741  2.97660  2.47818  4.97045  3.78119     13 - -
          2.68618  4.42225  2.77519  2.73123  3.46354  2.40513  3.72494  3.29354  2.67741  2.69355  4.24690  2.90347  2.73739  3.18146  2.89801  2.37887  2.77519  2.98518  4.58477  3.61503
          0.01265  4.77204  5.49438  0.61958  0.77255  0.39268  1.12469
     14   2.61552  4.69721  4.16692  3.88763  4.89541  0.60330  4.89484  3.76320  3.91407  3.73924  4.84016  3.95311  4.26976  4.19261  4.19161  2.19328  3.27601  3.73183  6.25703  5.06127     14 - -
          2.68618  4.42225  2.77519  2.73123  3.46354  2.40513  3.72494  3.29354  2.67741  2.69355  4.24690  2.90347  2.73739  3.18146  2.89801  2.37887  2.77519  2.98518  4.58477  3.61503
          0.01168  4.85115  5.57349  0.61958  0.77255  0.48576  0.95510
     15   1.33954  4.50353  4.01515  3.47369  3.79673  3.36945  4.29502  3.11723  3.40970  2.27057  3.77422  3.75880  4.24454  3.68671  3.70816  2.10932  2.94093  2.12084  5.26250  4.05052     15 - -
          2.68618  4.42225  2.77519  2.73123  3.46354  2.40513  3.72494  3.29354  2.67741  2.69355  4.24690  2.90347  2.73739  3.18146  2.89801  2.37887  2.77519  2.98518  4.58477  3.61503
          0.01168  4.85115  5.57349  0.61958  0.77255  0.48576  0.95510
     16   2.86656  4.32867  4.69177  4.09867  1.49272  4.07911  4.40050  2.41241  3.92499  1.47885  3.37487  4.17760  4.43662  4.08702  4.00116  3.08159  2.84070  2.50884  4.92910  3.74576     16 - -
          2.68618  4.42225  2.77519  2.73123  3.46354  2.40513  3.72494  3.29354  2.67741  2.69355  4.24690  2.90347  2.73739  3.18146  2.89801  2.37887  2.77519  2.98518  4.58477  3.61503
          0.01168  4.85115  5.57349  0.61958  0.77255  0.48576  0.95510
     17   2.58832  4.69559  3.50534  2.94286  3.61663  3.43979  3.98524  3.12093  2.91463  2.75296  3.79468  3.40015  4.13236  3.05380  3.05770  1.79463  1.84373  2.53443  5.26055  3.99741     17 - -
          2.68618  4.42225  2.77519  2.73123  3.46354  2.40513  3.72494  3.29354  2.67741  2.69355  4.24690  2.90347  2.73739  3.18146  2.89801  2.37887  2.77519  2.98518  4.58477  3.61503
          0.01168  4.85115  5.57349  0.61958  0.77255  0.48576  0.95510
     18   1.44169  4.57876  2.90466  3.12778  3.61917  3.81315  4.07280  2.92277  3.08622  2.66274  3.50742  3.54142  3.64088  3.39195  3.44871  3.05790  2.94879  1.93600  5.17321  3.93462     18 - -
          2.68618  4.42225  2.77519  2.73123  3.46354  2.40513  3.72494  3.29354  2.67741  2.69355  4.24690  2.90347  2.73739  3.18146  2.89801  2.37887  2.77519  2.98518  4.58477  3.61503
          0.01168  4.85115  5.57349  0.61958  0.77255  0.48576  0.95510
     19   2.42416  5.32877  2.13800  1.58957  4.66631  3.44753  3.79263  4.14815  2.50083  3.40950  3.90827  3.03783  3.99598  2.28324  2.92525  2.79591  3.06417  3.71552  5.76511  4.35667     19 - -
          2.68618  4.42225  2.77519  2.73123  3.46354  2.40513  3.72494  3.29354  2.67741  2.69355  4.24690  2.90347  2.73739  3.18146  2.89801  2.37887  2.77519  2.98518  4.58477  3.61503
          0.01168  4.85115  5.57349  0.61958  0.77255  0.48576  0.95510
     20   2.19083  5.17397  2.97493  2.34154  4.43850  1.42665  3.55380  3.87316  2.71494  3.45303  4.25764  3.16708  4.07801  3.04819  3.19359  2.82380  3.13879  3.52656  5.67362  3.24820     20 - -
          2.68618  4.42225  2.77519  2.73123  3.46354  2.40513  3.72494  3.29354  2.67741  2.69355  4.24690  2.90347  2.73739  3.18146  2.89801  2.37887  2.77519  2.98518  4.58477  3.61503
          0.05779  4.85115  3.02967  0.61958  0.77255  0.48576  0.95510
     21   2.60707  4.45920  2.69756  3.24679  2.63262  3.42845  4.08632  2.44815  3.18769  2.52757  3.56618  3.43257  4.19952  3.47353  2.79216  3.07734  3.04317  2.72628  3.73238  2.05043     21 - -
          2.68618  4.42225  2.77519  2.73123  3.46354  2.40513  3.72494  3.29354  2.67741  2.69355  4.24690  2.90347  2.73739  3.18146  2.89801  2.37887  2.77519  2.98518  4.58477  3.61503
          0.02639  4.80559  4.02498  0.61958  0.77255  0.46605  0.98745
     22   2.82016  4.40925  3.95326  3.37851  3.05761  3.86015  3.84559  2.56686  3.30415  2.61130  3.51910  3.44083  3.20951  3.57371  3.07578  2.45660  2.88697  2.49106  1.82379  3.30733     22 - -
          2.68618  4.42225  2.77519  2.73123  3.46354  2.40513  3.72494  3.29354  2.67741  2.69355  4.24690  2.90347  2.73739  3.18146  2.89801  2.37887  2.77519  2.98518  4.58477  3.61503
          0.01198  4.82601  5.54836  0.61958  0.77255  0.54432  0.86806
     23   2.69263  5.17198  2.98183  2.46343  3.13856  3.15702  2.52529  3.90824  1.92428  3.45270  4.22810  3.01856  2.67011  2.92049  3.04403  2.62179  3.04058  3.53184  3.53631  4.26619     23 - -
          2.68618  4.42225  2.77519  2.73123  3.46354  2.40513  3.72494  3.29354  2.67741  2.69355  4.24690  2.90347  2.73739  3.18146  2.89801  2.37887  2.77519  2.98518  4.58477  3.61503
          0.17890  4.82601  1.85923  0.61958  0.77255  0.49324  0.94327
     24   2.79059  5.27847  2.78174  2.47936  4.62337  3.30201  2.73993  4.09992  1.64309  3.57733  4.32228  3.02314  2.75866  2.43605  2.64318  2.75446  3.01974  3.66972  5.70496  4.30713     24 - -
          2.68642  4.42251  2.77545  2.73114  3.46358  2.40539  3.72221  3.29338  2.67735  2.69373  4.24716  2.90373  2.73700  3.18156  2.89764  2.37908  2.77538  2.98544  4.58330  3.61514
          0.41444  1.09432  5.39952  0.94139  0.49444  0.36630  1.18188
     25   2.69041  4.91706  3.37224  2.83904  4.23023  3.46472  3.97788  3.63242  2.77978  3.26430  4.09953  2.98194  1.22773  3.15906  2.86733  2.92648  2.69969  3.31866  4.63920  4.23205     29 - -
          2.68618  4.42225  2.77519  2.73123  3.46354  2.40513  3.72494  3.29354  2.67741  2.69355  4.24690  2.90347  2.73739  3.18146  2.89801  2.37887  2.77519  2.98518  4.58477  3.61503
          0.05495  4.83416  3.08965  0.61958  0.77255  0.52587  0.89413
     26   2.78843  5.12153  3.11456  2.73912  4.54915  3.31231  3.53200  3.99170  2.83786  3.37075  4.38714  2.31371  1.19145  3.18145  3.28965  2.82343  3.20065  3.61400  5.78644  4.43965     30 - -
          2.68623  4.42230  2.77525  2.73129  3.46359  2.40514  3.72365  3.29359  2.67746  2.69343  4.24695  2.90352  2.73734  3.18152  2.89806  2.37892  2.77525  2.98524  4.58482  3.61508
          0.12771  2.32907  3.79385  0.62109  0.77080  0.41157  1.08651
     27   2.82564  4.30852  4.26614  3.67976  2.23013  3.92415  4.22483  2.75804  3.01322  1.60080  3.42306  3.89621  3.85273  3.29041  3.40966  2.85481  2.95217  2.31172  3.09979  3.39801     33 - -
          2.68618  4.42225  2.77519  2.73123  3.46354  2.40513  3.72494  3.29354  2.67741  2.69355  4.24690  2.90347  2.73739  3.18146  2.89801  2.37887  2.77519  2.98518  4.58477  3.61503
          0.01189  4.83358  5.55593  0.61958  0.77255  0.52720  0.89222
     28   2.83686  5.26628  2.98646  2.55004  4.58140  3.61081  2.56140  3.78062  2.08818  3.19776  4.31756  1.62117  4.00798  2.91251  3.01910  2.47639  3.06783  3.64218  5.71398  4.32556     34 - -
          2.68618  4.42225  2.77519  2.73123  3.46354  2.40513  3.72494  3.29354  2.67741  2.69355  4.24690  2.90347  2.73739  3.18146  2.89801  2.37887  2.77519  2.98518  4.58477  3.61503
          0.01189  4.83358  5.55593  0.61958  0.77255  0.46070  0.99654
     29   2.92077  4.89100  3.49992  2.91726  4.09333  3.78652  3.96232  1.55700  2.11711  3.11944  3.97976  3.38491  2.52043  2.92618  2.61335  3.02345  3.14419  3.02275  5.41135  4.14435     35 - -
          2.68618  4.42225  2.77519  2.73123  3.46354  2.40513  3.72494  3.29354  2.67741  2.69355  4.24690  2.90347  2.73739  3.18146  2.89801  2.37887  2.77519  2.98518  4.58477  3.61503
          0.01168  4.85115  5.57349  0.61958  0.77255  0.48576  0.95510
     30   4.15664  0.11672  5.66113  5.64967  5.62257  4.48258  6.12889  5.10562  5.56565  4.87614  6.04838  5.47563  5.22847  5.86406  5.48857  4.42116  4.69379  4.73824  6.66988  5.87331     36 - -
          2.68618  4.42225  2.77519  2.73123  3.46354  2.40513  3.72494  3.29354  2.67741  2.69355  4.24690  2.90347  2.73739  3.18146  2.89801  2.37887  2.77519  2.98518  4.58477  3.61503
          0.01168  4.85115  5.57349  0.61958  0.77255  0.48576  0.95510
     31   2.83168  4.08557  3.91626  3.34242  2.94088  3.86062  4.13208  2.84895  1.89457  2.17856  3.55104  3.68576  3.97372  3.54879  3.37911  2.91145  2.81014  2.65371  2.15999  3.82285     37 - -
          2.68618  4.42225  2.77519  2.73123  3.46354  2.40513  3.72494  3.29354  2.67741  2.69355  4.24690  2.90347  2.73739  3.18146  2.89801  2.37887  2.77519  2.98518  4.58477  3.61503
          0.01168  4.85115  5.57349  0.61958  0.77255  0.48576  0.95510
     32   2.93396  4.91210  3.31885  2.91209  4.08847  3.78823  3.96500  2.98654  2.12673  3.14278  4.00213  2.98342  4.17302  3.17157  2.92003  3.03181  3.15796  3.22628  1.38245  4.12896     38 - -
          2.68618  4.42225  2.77519  2.73123  3.46354  2.40513  3.72494  3.29354  2.67741  2.69355  4.24690  2.90347  2.73739  3.18146  2.89801  2.37887  2.77519  2.98518  4.58477  3.61503
          0.01168  4.85115  5.57349  0.61958  0.77255  0.48576  0.95510
     33   2.92148  5.32743  3.21056  2.29361  4.66567  3.34182  3.83527  3.67274  1.10736  3.60938  3.84361  3.00884  4.07379  2.94465  2.62890  2.89797  3.14359  3.71622  5.74581  4.38778     39 - -
          2.68618  4.42225  2.77519  2.73123  3.46354  2.40513  3.72494  3.29354  2.67741  2.69355  4.24690  2.90347  2.73739  3.18146  2.89801  2.37887  2.77519  2.98518  4.58477  3.61503
          0.05530  4.85115  3.07961  0.61958  0.77255  0.48576  0.95510
     34   2.97831  4.37422  4.73556  4.13729  2.56988  3.69834  4.44882  2.65555  3.96661  0.92807  3.14910  4.22736  4.47978  4.11867  4.04211  3.44293  2.98855  2.35480  4.96341  3.59770     40 - -
          2.68618  4.42225  2.77519  2.73123  3.46354  2.40513  3.72494  3.29354  2.67741  2.69355  4.24690  2.90347  2.73739  3.18146  2.89801  2.37887  2.77519  2.98518  4.58477  3.61503
          0.01220  4.80805  5.53040  0.61958  0.77255  0.58333  0.81652
     35   2.83124  4.77207  3.43112  2.86781  3.29380  3.72652  3.55976  3.20323  1.87893  2.84648  3.86252  2.87804  4.11044  3.16982  2.79938  2.94941  3.06177  3.07180  2.40862  2.65378     41 - -
          2.68618  4.42225  2.77519  2.73123  3.46354  2.40513  3.72494  3.29354  2.67741  2.69355  4.24690  2.90347  2.73739  3.18146  2.89801  2.37887  2.77519  2.98518  4.58477  3.61503
          0.01220  4.80805  5.53040  0.61958  0.77255  0.58333  0.81652
     36   2.90971  4.81152  3.55695  2.97007  3.40745  3.79646  3.96487  3.36958  1.74352  2.79334  3.90336  3.42044  4.17375  3.06242  2.89901  2.88139  3.13282  3.11572  1.71401  4.00532     42 - -
          2.68618  4.42225  2.77519  2.73123  3.46354  2.40513  3.72494  3.29354  2.67741  2.69355  4.24690  2.90347  2.73739  3.18146  2.89801  2.37887  2.77519  2.98518  4.58477  3.61503
          0.01220  4.80805  5.53040  0.61958  0.77255  0.42925  1.05267
     37   3.09661  0.38295  5.24905  5.07689  4.67713  3.83397  5.52202  3.59448  4.82615  3.62719  4.78930  4.64009  4.63115  5.07927  4.85746  3.37376  3.62856  2.92438  6.27418  5.06081     43 - -
          2.68618  4.42225  2.77519  2.73123  3.46354  2.40513  3.72494  3.29354  2.67741  2.69355  4.24690  2.90347  2.73739  3.18146  2.89801  2.37887  2.77519  2.98518  4.58477  3.61503
          0.01168  4.85115  5.57349  0.61958  0.77255  0.48576  0.95510
     38   3.78056  5.15914  5.13235  4.60067  3.50526  4.91504  5.15484  2.58503  4.26891  0.48222  3.32511  4.87593  5.13049  3.09610  4.39986  4.28291  4.00000  2.97625  5.55575  4.45964     44 - -
          2.68618  4.42225  2.77519  2.73123  3.46354  2.40513  3.72494  3.29354  2.67741  2.69355  4.24690  2.90347  2.73739  3.18146  2.89801  2.37887  2.77519  2.98518  4.58477  3.61503
          0.01168  4.85115  5.57349  0.61958  0.77255  0.48576  0.95510
     39   3.35761  5.63037  3.77200  2.85202  5.10109  4.02820  3.96722  4.46198  0.87621  3.86333  4.68635  3.50830  4.37493  2.36641  1.96995  3.32594  3.52561  4.09882  4.35256  4.68150     45 - -
          2.68618  4.42225  2.77519  2.73123  3.46354  2.40513  3.72494  3.29354  2.67741  2.69355  4.24690  2.90347  2.73739  3.18146  2.89801  2.37887  2.77519  2.98518  4.58477  3.61503
          0.01168  4.85115  5.57349  0.61958  0.77255  0.48576  0.95510
     40   2.87338  4.76157  3.53468  2.81036  3.66524  3.77907  3.98275  3.19427  1.68027  2.61697  3.64705  3.41467  4.15910  3.22425  2.95173  3.01246  3.10072  3.05523  1.88045  4.03207     46 - -
          2.68618  4.42225  2.77519  2.73123  3.46354  2.40513  3.72494  3.29354  2.67741  2.69355  4.24690  2.90347  2.73739  3.18146  2.89801  2.37887  2.77519  2.98518  4.58477  3.61503
          0.01169  4.85033  5.57268  0.61958  0.77255  0.48576  0.95510
     41   2.86327  1.13874  4.46724  3.90181  3.52880  3.89694  4.37383  2.87641  3.47210  2.64252  3.57912  4.02558  4.35284  3.95827  3.84355  3.23287  2.74671  2.53437  2.71050  3.83227     47 - -
          2.68618  4.42225  2.77519  2.73123  3.46354  2.40513  3.72494  3.29354  2.67741  2.69355  4.24690  2.90347  2.73739  3.18146  2.89801  2.37887  2.77519  2.98518  4.58477  3.61503
          0.01169  4.85033  5.57268  0.61958  0.77255  0.48576  0.95510
     42   2.09067  2.37874  4.04150  3.46456  3.19037  3.67925  2.07489  2.85661  3.38066  2.48544  3.50412  3.76615  3.01337  3.63957  3.64099  3.15790  3.06544  2.65270  3.67713  3.56172     48 - -
          2.68618  4.42225  2.77519  2.73123  3.46354  2.40513  3.72494  3.29354  2.67741  2.69355  4.24690  2.90347  2.73739  3.18146  2.89801  2.37887  2.77519  2.98518  4.58477  3.61503
          0.01846  4.85033  4.55973  0.61958  0.77255  0.48576  0.95510
     43   2.82218  4.69402  3.49665  2.66427  2.70964  3.74444  3.43556  2.91881  2.90616  2.91753  3.78854  2.82220  1.82763  3.23071  3.18660  2.88569  2.70223  2.89805  3.64909  3.98992     49 - -
          2.68638  4.42245  2.77539  2.73143  3.46329  2.40533  3.72514  3.29374  2.67749  2.69369  4.24710  2.90367  2.73692  3.18166  2.89807  2.37894  2.77517  2.98497  4.58023  3.61418
          0.65530  1.02952  2.09120  0.52396  0.89690  0.47586  0.97115
     44   2.76883  3.76709  3.98067  3.40312  3.44147  3.82406  3.85709  2.79182  3.31560  2.03794  3.43960  3.51718  2.64080  3.57670  3.32528  2.97230  2.60598  2.41115  2.09195  3.72435     54 - -
          2.68618  4.42225  2.77519  2.73123  3.46354  2.40513  3.72494  3.29354  2.67741  2.69355  4.24690  2.90347  2.73739  3.18146  2.89801  2.37887  2.77519  2.98518  4.58477  3.61503
          0.04126  4.70175  3.46271  0.61958  0.77255  0.38397  1.14305
     45   2.79898  5.17106  1.96951  2.54916  2.72002  3.59469  3.78884  3.91273  2.40489  3.45318  4.22633  2.69983  3.37642  2.77447  2.61751  2.64290  2.93555  3.53277  3.24543  4.26062     55 - -
          2.68618  4.42225  2.77519  2.73123  3.46354  2.40513  3.72494  3.29354  2.67741  2.69355  4.24690  2.90347  2.73739  3.18146  2.89801  2.37887  2.77519  2.98518  4.58477  3.61503
          0.01235  4.79573  5.51808  0.61958  0.77255  0.52353  0.89753
     46   2.80325  5.15657  2.44445  2.46055  4.44174  3.60264  3.79744  3.51398  2.23426  3.06069  4.21359  2.80170  2.61489  2.77783  3.03980  2.79852  3.03445  3.51472  2.32249  3.87177     56 - -
          2.68618  4.42225  2.77519  2.73123  3.46354  2.40513  3.72494  3.29354  2.67741  2.69355  4.24690  2.90347  2.73739  3.18146  2.89801  2.37887  2.77519  2.98518  4.58477  3.61503
          0.01372  4.80701  5.21140  0.61958  0.77255  0.49907  0.93419
     47   2.82013  3.53072  3.87234  3.29782  3.56930  3.34795  4.10664  2.58719  2.33593  2.01261  3.55416  3.65094  3.95429  3.09750  3.33741  3.09959  3.05153  2.71164  2.01840  3.82242     57 - -
          2.68618  4.42225  2.77519  2.73123  3.46354  2.40513  3.72494  3.29354  2.67741  2.69355  4.24690  2.90347  2.73739  3.18146  2.89801  2.37887  2.77519  2.98518  4.58477  3.61503
          0.01210  4.81671  5.53906  0.61958  0.77255  0.47089  0.97936
     48   2.92566  1.39747  3.57914  3.00001  4.02421  3.80187  3.99880  3.37145  2.33256  2.72690  3.93640  2.51846  4.19105  3.22730  2.87641  3.05640  3.15454  3.13957  5.36674  4.06325     58 - -
          2.68618  4.42225  2.77519  2.73123  3.46354  2.40513  3.72494  3.29354  2.67741  2.69355  4.24690  2.90347  2.73739  3.18146  2.89801  2.37887  2.77519  2.98518  4.58477  3.61503
          0.01194  4.82954  5.55188  0.61958  0.77255  0.48921  0.94961
     49   2.56910  2.33359  3.75945  3.02495  3.64252  3.81672  4.07239  2.75811  2.29256  2.16150  3.61545  3.57713  4.19453  3.42744  2.30568  3.06658  3.05520  2.78116  3.81728  3.50487     59 - -
          2.68618  4.42225  2.77519  2.73123  3.46354  2.40513  3.72494  3.29354  2.67741  2.69355  4.24690  2.90347  2.73739  3.18146  2.89801  2.37887  2.77519  2.98518  4.58477  3.61503
          0.01194  4.82954  5.55188  0.61958  0.77255  0.48361  0.95855
     50   2.89122  5.30521  3.18763  2.61347  4.64071  3.66289  3.81575  4.09237  1.58564  3.58927  4.15670  3.14326  4.04920  2.09068  2.03047  2.66084  2.70637  3.52447  4.76387  4.36391     60 - -
          2.68618  4.42225  2.77519  2.73123  3.46354  2.40513  3.72494  3.29354  2.67741  2.69355  4.24690  2.90347  2.73739  3.18146  2.89801  2.37887  2.77519  2.98518  4.58477  3.61503
          0.01192  4.83099  5.55334  0.61958  0.77255  0.48576  0.95510
     51   2.85343  3.77695  3.20178  2.62015  4.42533  3.49509  3.16044  3.37162  1.26030  3.41945  4.20878  3.10379  4.03894  2.85400  2.57196  2.85906  3.08013  3.50596  5.59495  3.80521     61 - -
          2.68618  4.42225  2.77519  2.73123  3.46354  2.40513  3.72494  3.29354  2.67741  2.69355  4.24690  2.90347  2.73739  3.18146  2.89801  2.37887  2.77519  2.98518  4.58477  3.61503
          0.02984  4.83016  3.84375  0.61958  0.77255  0.48576  0.95510
     52   2.82061  1.53163  3.56697  3.39840  3.29124  3.86429  4.14120  2.59063  2.79835  2.10953  3.46988  3.69586  4.23849  3.58496  3.15231  3.13084  3.05245  2.65613  5.00057  3.79123     62 - -
          2.68618  4.42225  2.77519  2.73123  3.46354  2.40513  3.72494  3.29354  2.67741  2.69355  4.24690  2.90347  2.73739  3.18146  2.89801  2.37887  2.77519  2.98518  4.58477  3.61503
          0.01399  4.81167  5.15649  0.61958  0.77255  0.46102  0.99598
     53   2.82605  2.17650  4.57817  3.97640  1.92774  3.97031  4.28999  2.45491  3.60315  1.96198  3.35392  3.80660  4.33614  3.97531  3.02479  3.08514  3.05815  2.48557  4.51889  3.16830     63 - -
          2.68618  4.42225  2.77519  2.73123  3.46354  2.40513  3.72494  3.29354  2.67741  2.69355  4.24690  2.90347  2.73739  3.18146  2.89801  2.37887  2.77519  2.98518  4.58477  3.61503
          0.01202  4.82320  5.54554  0.61958  0.77255  0.48999  0.94839
     54   2.84656  4.52391  3.79023  3.22077  3.13953  3.83820  4.07136  3.01515  2.80460  2.71067  3.63012  3.09915  4.21529  3.45228  3.17402  2.93024  2.86748  2.79669  1.73869  2.26549     64 - -
          2.68618  4.42225  2.77519  2.73123  3.46354  2.40513  3.72494  3.29354  2.67741  2.69355  4.24690  2.90347  2.73739  3.18146  2.89801  2.37887  2.77519  2.98518  4.58477  3.61503
          0.01202  4.82320  5.54554  0.61958  0.77255  0.48999  0.94839
     55   2.88293  4.17039  3.30482  2.57300  4.31096  3.52962  3.87107  3.71851  1.51765  3.31306  4.13285  3.23501  4.08637  2.88251  2.60606  2.91857  3.10735  3.11175  2.18691  4.22911     65 - -
          2.68618  4.42225  2.77519  2.73123  3.46354  2.40513  3.72494  3.29354  2.67741  2.69355  4.24690  2.90347  2.73739  3.18146  2.89801  2.37887  2.77519  2.98518  4.58477  3.61503
          0.01202  4.82320  5.54554  0.61958  0.77255  0.48999  0.94839
     56   2.82169  4.63767  3.56341  2.97139  2.77553  3.24834  3.99668  3.10114  2.07581  2.63213  3.73549  3.43868  4.14380  3.10396  2.64306  2.99631  3.05283  2.87187  4.13140  2.02771     66 - -
          2.68618  4.42225  2.77519  2.73123  3.46354  2.40513  3.72494  3.29354  2.67741  2.69355  4.24690  2.90347  2.73739  3.18146  2.89801  2.37887  2.77519  2.98518  4.58477  3.61503
          0.01205  4.82037  5.54272  0.61958  0.77255  0.48999  0.94839
     57   2.74733  4.83004  3.35795  2.71667  4.02213  3.69627  3.91054  3.41197  2.23985  3.01397  3.91538  3.14832  3.99701  3.07725  2.93033  2.54149  2.84649  3.03344  2.25853  2.24844     67 - -
          2.68618  4.42225  2.77519  2.73123  3.46354  2.40513  3.72494  3.29354  2.67741  2.69355  4.24690  2.90347  2.73739  3.18146  2.89801  2.37887  2.77519  2.98518  4.58477  3.61503
          0.01205  4.82037  5.54272  0.61958  0.77255  0.48999  0.94839
     58   2.83142  3.68824  3.41562  2.84888  3.97971  3.71927  3.93249  3.23171  1.79721  3.02743  3.81177  2.93515  4.10390  3.14723  2.89400  2.73171  3.06143  2.95111  1.98436  4.05604     68 - -
          2.68618  4.42225  2.77519  2.73123  3.46354  2.40513  3.72494  3.29354  2.67741  2.69355  4.24690  2.90347  2.73739  3.18146  2.89801  2.37887  2.77519  2.98518  4.58477  3.61503
          0.01205  4.82037  5.54272  0.61958  0.77255  0.48999  0.94839
     59   2.85288  1.65106  3.64037  3.06225  3.78715  3.72662  3.79786  3.15769  2.23865  2.85458  3.73896  3.48691  4.17463  3.30532  2.70406  2.85401  3.08132  2.84560  3.15803  3.72570     69 - -
          2.68618  4.42225  2.77519  2.73123  3.46354  2.40513  3.72494  3.29354  2.67741  2.69355  4.24690  2.90347  2.73739  3.18146  2.89801  2.37887  2.77519  2.98518  4.58477  3.61503
          0.01205  4.82037  5.54272  0.61958  0.77255  0.48999  0.94839
     60   2.82221  2.32030  3.66560  3.09605  3.70735  3.26619  4.03522  2.92423  2.16361  1.88149  3.66781  3.36540  4.07161  3.21222  2.82596  2.98006  3.05322  2.84216  4.07277  3.90529     70 - -
          2.68621  4.42228  2.77523  2.73121  3.46357  2.40512  3.72498  3.29357  2.67744  2.69358  4.24693  2.90324  2.73743  3.18150  2.89804  2.37890  2.77523  2.98522  4.58480  3.61454
          0.18287  2.81360  2.23367  0.65967  0.72778  0.48999  0.94839
     61   2.76830  4.65132  3.27113  2.81496  3.24838  3.68259  3.53434  2.45831  1.91284  2.24348  3.74965  3.32320  3.56017  3.15993  2.78972  2.72971  2.99948  2.94877  4.35396  3.68352     73 - -
          2.68618  4.42225  2.77519  2.73123  3.46354  2.40513  3.72494  3.29354  2.67741  2.69355  4.24690  2.90347  2.73739  3.18146  2.89801  2.37887  2.77519  2.98518  4.58477  3.61503
          0.01362  4.69886  5.42121  0.61958  0.77255  0.56760  0.83674
     62   2.67979  4.98640  3.18846  2.59497  4.22512  2.72108  3.03608  3.64209  1.69307  2.89257  4.05726  3.04451  4.00609  2.96672  3.06253  2.82140  2.81974  3.31930  2.92424  3.71795     74 - -
          2.68618  4.42225  2.77519  2.73123  3.46354  2.40513  3.72494  3.29354  2.67741  2.69355  4.24690  2.90347  2.73739  3.18146  2.89801  2.37887  2.77519  2.98518  4.58477  3.61503
          0.02526  4.74197  4.12108  0.61958  0.77255  0.47241  0.97683
     63   2.68262  4.53838  3.13410  3.07475  2.23987  3.14050  3.54777  2.78528  2.47865  2.21838  3.64042  3.48970  4.14745  3.33794  2.91975  2.83812  3.02834  2.73496  3.77295  3.18245     75 - -
          2.68618  4.42225  2.77519  2.73123  3.46354  2.40513  3.72494  3.29354  2.67741  2.69355  4.24690  2.90347  2.73739  3.18146  2.89801  2.37887  2.77519  2.98518  4.58477  3.61503
          0.01258  4.77764  5.49999  0.61958  0.77255  0.48083  0.96304
     64   2.80472  4.67267  3.48381  2.87644  2.76520  1.69077  3.53757  3.02744  2.58051  2.74117  3.76739  3.23450  4.11167  3.21630  3.15298  2.67672  2.95197  2.96085  4.83971  3.33544     76 - -
          2.68618  4.42225  2.77519  2.73123  3.46354  2.40513  3.72494  3.29354  2.67741  2.69355  4.24690  2.90347  2.73739  3.18146  2.89801  2.37887  2.77519  2.98518  4.58477  3.61503
          0.03582  4.79967  3.61348  0.61958  0.77255  0.51155  0.91520
     65   2.73547  5.10838  3.02431  2.55845  4.08738  1.60882  3.44250  3.84385  2.40761  3.13182  4.17887  2.85195  3.75994  2.91143  2.76732  2.56062  2.91760  3.47891  5.57090  3.93349     77 - -
          2.68618  4.42225  2.77519  2.73123  3.46354  2.40513  3.72494  3.29354  2.67741  2.69355  4.24690  2.90347  2.73739  3.18146  2.89801  2.37887  2.77519  2.98518  4.58477  3.61503
          0.02624  4.77644  4.04709  0.61958  0.77255  0.56190  0.84426
     66   2.79120  4.66546  3.46339  2.90053  3.48392  2.60786  1.84017  2.71029  2.87021  2.88954  3.76034  3.35978  4.09598  3.19690  2.76386  2.64176  2.95261  2.73751  5.22368  3.54771     78 - -
          2.68618  4.42225  2.77519  2.73123  3.46354  2.40513  3.72494  3.29354  2.67741  2.69355  4.24690  2.90347  2.73739  3.18146  2.89801  2.37887  2.77519  2.98518  4.58477  3.61503
          0.01277  4.76297  5.48532  0.61958  0.77255  0.58948  0.80882
     67   2.82101  4.91415  3.28669  2.72701  4.10087  2.33110  2.23422  3.37290  2.49081  2.99640  3.99422  3.11347  4.05585  3.04326  2.91302  2.88482  3.05025  3.23495  5.40939  2.17887     79 - -
          2.68618  4.42225  2.77519  2.73123  3.46354  2.40513  3.72494  3.29354  2.67741  2.69355  4.24690  2.90347  2.73739  3.18146  2.89801  2.37887  2.77519  2.98518  4.58477  3.61503
          0.03668  4.74252  3.60084  0.61958  0.77255  0.50686  0.92227
     68   2.78519  4.71102  3.06267  2.83848  2.58359  1.93595  3.17719  3.26471  2.67582  2.93928  3.80246  3.31121  4.07356  3.14717  3.14408  2.82439  3.01684  2.66890  5.25606  2.85031     80 - -
          2.68618  4.42225  2.77519  2.73123  3.46354  2.40513  3.72494  3.29354  2.67741  2.69355  4.24690  2.90347  2.73739  3.18146  2.89801  2.37887  2.77519  2.98518  4.58477  3.61503
          0.25055  4.73455  1.54723  0.61958  0.77255  0.56455  0.84076
     69   2.69690  4.12787  3.32516  2.81091  3.53188  2.30987  3.07739  2.82343  2.78340  2.52512  3.56125  3.26940  2.86975  3.10739  2.97645  2.58307  2.92851  2.85530  5.12740  3.40689     81 - -
          2.68793  4.42717  2.77777  2.73435  3.46527  2.38548  3.72487  3.29561  2.68221  2.69633  4.23994  2.90664  2.73831  3.18639  2.90200  2.37975  2.77882  2.98658  4.58444  3.60286
          1.03468  0.44751  5.21374  3.57195  0.02850  0.36998  1.17360
     70   2.76285  4.84446  3.20146  2.68496  3.93295  1.53633  3.44467  3.49074  2.68963  3.12357  3.96238  2.80412  4.00659  3.03339  3.13156  2.50197  3.00631  3.06727  5.36255  3.24863    165 - -
          2.68618  4.42225  2.77519  2.73123  3.46354  2.40513  3.72494  3.29354  2.67741  2.69355  4.24690  2.90347  2.73739  3.18146  2.89801  2.37887  2.77519  2.98518  4.58477  3.61503
          0.11725  4.60353  2.29639  0.61958  0.77255  0.57431  0.82804
     71   2.70650  4.45029  3.54311  2.98016  3.50188  3.15505  3.48052  2.95777  2.92740  2.66435  2.49069  3.39315  4.05335  3.24111  3.14668  2.29275  2.93903  2.72942  5.00189  2.10916    166 - -
          2.68618  4.42225  2.77519  2.73123  3.46354  2.40513  3.72494  3.29354  2.67741  2.69355  4.24690  2.90347  2.73739  3.18146  2.89801  2.37887  2.77519  2.98518  4.58477  3.61503
          0.21896  4.50287  1.68435  0.61958  0.77255  0.72810  0.65938
     72   2.52108  4.67712  3.06897  2.61994  3.89980  2.15413  3.77310  3.04562  2.61618  3.03411  3.86873  3.10006  3.73894  2.95733  2.92815  1.95465  2.87726  3.06045  5.31045  4.00768    167 - -
          2.68618  4.42225  2.77519  2.73123  3.46354  2.40513  3.72494  3.29354  2.67741  2.69355  4.24690  2.90347  2.73739  3.18146  2.89801  2.37887  2.77519  2.98518  4.58477  3.61503
          0.02028  4.30419  5.02654  0.61958  0.77255  0.94526  0.49197
     73   2.57947  4.47399  3.40826  2.98890  3.88310  1.30941  4.03243  3.31263  2.97388  3.02544  3.91557  3.34350  3.95065  3.31394  3.32958  2.74453  2.64140  2.82768  5.30059  3.25346    168 - -
          2.68618  4.42225  2.77519  2.73123  3.46354  2.40513  3.72494  3.29354  2.67741  2.69355  4.24690  2.90347  2.73739  3.18146  2.89801  2.37887  2.77519  2.98518  4.58477  3.61503
          0.02028  4.30419  5.02654  0.61958  0.77255  0.94526  0.49197
     74   2.66610  4.63574  3.19119  2.78831  3.91183  1.42330  3.90355  3.44923  2.76998  3.09954  3.96477  3.21850  3.95411  3.14838  2.96392  2.56750  2.97484  3.13139  5.28908  3.02931    169 - -
          2.68618  4.42225  2.77519  2.73123  3.46354  2.40513  3.72494  3.29354  2.67741  2.69355  4.24690  2.90347  2.73739  3.18146  2.89801  2.37887  2.77519  2.98518  4.58477  3.61503
          0.03770  4.30419  3.75131  0.61958  0.77255  0.94526  0.49197
     75   2.63924  4.65259  2.89269  2.60888  3.26153  2.37570  3.73596  3.24170  2.60453  2.89604  3.74572  3.09965  3.46416  2.94015  2.92699  2.59057  2.87368  2.96405  5.18342  2.63787    170 - -
          2.68618  4.42225  2.77519  2.73123  3.46354  2.40513  3.72494  3.29354  2.67741  2.69355  4.24690  2.90347  2.73739  3.18146  2.89801  2.37887  2.77519  2.98518  4.58477  3.61503
          0.02063  4.28712  5.00947  0.61958  0.77255  0.94352  0.49308
     76   2.70006  4.95547  2.66263  2.30799  4.21256  1.77460  3.70262  3.64522  2.50612  3.23028  3.92220  2.96958  3.87780  2.84958  2.84954  2.67367  2.93876  3.30508  5.45303  3.51339    171 - -
          2.68618  4.42225  2.77519  2.73123  3.46354  2.40513  3.72494  3.29354  2.67741  2.69355  4.24690  2.90347  2.73739  3.18146  2.89801  2.37887  2.77519  2.98518  4.58477  3.61503
          0.02399  4.29457  4.59859  0.61958  0.77255  0.95373  0.48663
     77   2.61508  4.41130  3.33347  2.89321  2.33909  2.15685  3.87723  2.99244  2.87499  2.52863  3.58168  3.30259  3.44282  3.18338  3.24566  2.56133  2.87653  2.74521  5.02774  3.76490    172 - -
          2.68618  4.42225  2.77519  2.73123  3.46354  2.40513  3.72494  3.29354  2.67741  2.69355  4.24690  2.90347  2.73739  3.18146  2.89801  2.37887  2.77519  2.98518  4.58477  3.61503
          0.02055  4.29112  5.01347  0.61958  0.77255  0.95672  0.48475
     78   2.64909  4.87705  2.28891  2.46212  4.13088  2.34802  3.68022  3.55776  2.48071  3.01928  3.52696  2.98529  3.85866  2.82690  2.94868  2.32352  2.88577  3.22368  5.38452  3.63391    173 - -
          2.68618  4.42225  2.77519  2.73123  3.46354  2.40513  3.72494  3.29354  2.67741  2.69355  4.24690  2.90347  2.73739  3.18146  2.89801  2.37887  2.77519  2.98518  4.58477  3.61503
          0.02055  4.29112  5.01347  0.61958  0.77255  0.51776  0.90598
     79   2.75668  4.91484  3.04542  2.44612  3.70625  1.53572  3.24366  3.57076  2.61418  3.18420  4.01180  2.97316  3.96365  2.96072  3.04486  2.60915  2.99590  3.25639  5.42455  3.95556    174 - -
          2.68618  4.42225  2.77519  2.73123  3.46354  2.40513  3.72494  3.29354  2.67741  2.69355  4.24690  2.90347  2.73739  3.18146  2.89801  2.37887  2.77519  2.98518  4.58477  3.61503
          0.01648  4.50969  5.23204  0.61958  0.77255  0.69719  0.68912
     80   2.82998  4.41923  3.92076  3.37146  3.12086  2.90820  3.97388  2.67032  3.27698  2.61561  3.54765  3.66641  4.21480  3.55055  3.54871  2.74604  3.06878  2.70730  4.12309  1.35863    175 - -
          2.68618  4.42225  2.77519  2.73123  3.46354  2.40513  3.72494  3.29354  2.67741  2.69355  4.24690  2.90347  2.73739  3.18146  2.89801  2.37887  2.77519  2.98518  4.58477  3.61503
          0.01635  4.51746  5.23980  0.61958  0.77255  0.70812  0.67840
     81   2.89374  5.24268  1.77762  2.47237  4.59336  1.60119  3.89655  4.08274  2.77337  3.63138  4.43739  3.02016  4.00549  3.04589  3.28654  2.45950  3.16937  3.68534  5.80984  3.55177    176 - -
          2.68618  4.42225  2.77519  2.73123  3.46354  2.40513  3.72494  3.29354  2.67741  2.69355  4.24690  2.90347  2.73739  3.18146  2.89801  2.37887  2.77519  2.98518  4.58477  3.61503
          0.01635  4.51746  5.23980  0.61958  0.77255  0.70812  0.67840
     82   2.73899  5.07145  1.59485  2.47177  4.34358  2.76910  3.23932  3.56635  2.51682  3.35227  4.14031  2.97811  3.91891  2.86162  2.99844  2.65654  2.97443  3.16548  5.54769  3.82722    177 - -
          2.68618  4.42225  2.77519  2.73123  3.46354  2.40513  3.72494  3.29354  2.67741  2.69355  4.24690  2.90347  2.73739  3.18146  2.89801  2.37887  2.77519  2.98518  4.58477  3.61503
          0.01635  4.51746  5.23980  0.61958  0.77255  0.70812  0.67840
     83   3.05908  5.44253  1.01910  2.46195  4.61743  2.50097  3.98219  4.25299  2.94263  3.79432  4.63344  3.02567  4.08364  3.15848  3.48436  3.00586  3.34097  3.86271  5.89060  3.08687    178 - -
          2.68618  4.42225  2.77519  2.73123  3.46354  2.40513  3.72494  3.29354  2.67741  2.69355  4.24690  2.90347  2.73739  3.18146  2.89801  2.37887  2.77519  2.98518  4.58477  3.61503
          0.01635  4.51746  5.23980  0.61958  0.77255  0.70812  0.67840
     84   2.64981  5.18974  1.61645  2.46172  4.48905  2.04269  3.81654  3.95515  2.64478  3.50581  4.30283  3.00810  3.96920  2.95488  3.00127  2.81657  3.08723  3.57602  5.69354  3.31451    179 - -
          2.68618  4.42225  2.77519  2.73123  3.46354  2.40513  3.72494  3.29354  2.67741  2.69355  4.24690  2.90347  2.73739  3.18146  2.89801  2.37887  2.77519  2.98518  4.58477  3.61503
          0.05199  4.51746  3.22535  0.61958  0.77255  0.70812  0.67840
     85   2.70982  4.66738  2.88546  2.72957  3.76645  3.58390  3.82694  3.09976  2.72421  2.91267  3.77442  3.20649  3.98542  3.05652  3.09313  2.15867  2.76823  2.97775  5.19150  1.85697    180 - -
          2.68618  4.42225  2.77519  2.73123  3.46354  2.40513  3.72494  3.29354  2.67741  2.69355  4.24690  2.90347  2.73739  3.18146  2.89801  2.37887  2.77519  2.98518  4.58477  3.61503
          0.01694  4.48241  5.20476  0.61958  0.77255  0.75499  0.63490
     86   2.67384  4.89945  2.89467  2.54892  4.17020  1.95278  3.76382  3.59107  2.57679  3.19540  3.92019  2.72906  3.92663  2.91839  3.04088  2.34527  2.78240  3.26114  5.43796  2.84776    181 - -
          2.68618  4.42225  2.77519  2.73123  3.46354  2.40513  3.72494  3.29354  2.67741  2.69355  4.24690  2.90347  2.73739  3.18146  2.89801  2.37887  2.77519  2.98518  4.58477  3.61503
          0.01694  4.48241  5.20476  0.61958  0.77255  0.75499  0.63490
     87   2.45651  4.42373  3.57994  3.02204  3.17308  1.61486  3.94863  2.86743  2.97358  2.67748  3.50677  3.41531  4.04435  3.27950  3.32682  2.51076  2.93043  2.73161  4.38130  3.78171    182 - -
          2.68618  4.42225  2.77519  2.73123  3.46354  2.40513  3.72494  3.29354  2.67741  2.69355  4.24690  2.90347  2.73739  3.18146  2.89801  2.37887  2.77519  2.98518  4.58477  3.61503
          0.01694  4.48241  5.20476  0.61958  0.77255  0.75499  0.63490
     88   2.69953  4.49627  3.28304  2.90437  3.61115  1.62196  3.88568  2.73479  2.86644  2.71865  3.54165  3.33627  4.02874  3.18431  3.24462  2.71379  2.93443  2.78285  4.41649  3.20963    183 - -
          2.68618  4.42225  2.77519  2.73123  3.46354  2.40513  3.72494  3.29354  2.67741  2.69355  4.24690  2.90347  2.73739  3.18146  2.89801  2.37887  2.77519  2.98518  4.58477  3.61503
          0.01694  4.48241  5.20476  0.61958  0.77255  0.75499  0.63490
     89   2.70932  4.84533  2.81685  2.57543  3.91745  2.24957  3.76173  3.47994  2.58973  3.10225  3.93030  3.04709  3.31009  2.76190  3.04559  2.76060  2.94411  3.05288  5.35696  2.22532    184 - -
          2.68618  4.42225  2.77519  2.73123  3.46354  2.40513  3.72494  3.29354  2.67741  2.69355  4.24690  2.90347  2.73739  3.18146  2.89801  2.37887  2.77519  2.98518  4.58477  3.61503
          0.18837  4.48241  1.83017  0.61958  0.77255  0.75499  0.63490
     90   2.74301  4.99713  2.61648  2.23078  4.24592  1.83495  3.73975  3.68625  2.57517  3.27453  4.09178  2.96692  3.90036  2.89431  2.99659  2.64133  2.98732  3.34758  5.49911  2.86523    185 - -
          2.68618  4.42225  2.77519  2.73123  3.46354  2.40513  3.72494  3.29354  2.67741  2.69355  4.24690  2.90347  2.73739  3.18146  2.89801  2.37887  2.77519  2.98518  4.58477  3.61503
          0.02064  4.28659  5.00894  0.61958  0.77255  0.93636  0.49766
     91   2.65806  4.64473  3.04737  2.64404  3.81643  2.11831  3.74350  3.22393  2.38546  2.70458  3.73608  3.12660  3.91888  2.95427  2.91971  2.75861  2.88927  2.95266  3.00297  3.78932    186 - -
          2.68618  4.42225  2.77519  2.73123  3.46354  2.40513  3.72494  3.29354  2.67741  2.69355  4.24690  2.90347  2.73739  3.18146  2.89801  2.37887  2.77519  2.98518  4.58477  3.61503
          0.02775  4.25873  4.32572  0.61958  0.77255  0.93636  0.49766
     92   2.80791  4.77648  3.18657  2.74950  3.32803  2.07722  2.20596  3.42686  2.72747  3.02776  3.92888  3.20638  4.02154  3.09429  3.11517  2.88668  3.05695  3.15288  4.82708  2.44088    187 - -
          2.68618  4.42225  2.77519  2.73123  3.46354  2.40513  3.72494  3.29354  2.67741  2.69355  4.24690  2.90347  2.73739  3.18146  2.89801  2.37887  2.77519  2.98518  4.58477  3.61503
          0.07790  4.25235  2.80161  0.61958  0.77255  0.58039  0.82025
     93   2.66237  4.68086  3.02493  2.63382  3.87410  2.52548  3.75643  2.91985  2.57166  2.91875  3.14041  3.12563  3.92557  2.95491  2.41969  2.58459  2.73022  2.98720  5.21723  3.04386    188 - -
          2.68896  4.42525  2.77612  2.73424  3.46593  2.38875  3.72692  3.29631  2.68041  2.69625  4.24885  2.90647  2.73994  3.18447  2.90053  2.37903  2.77806  2.98703  4.58777  3.59514
          1.00803  0.46357  5.11168  3.03776  0.04913  0.48630  0.95425
     94   2.72505  4.47150  3.54070  2.99066  3.51116  2.68901  2.62502  2.36450  2.94074  2.68773  3.58190  3.40119  4.06632  3.25539  3.29764  2.65282  2.95974  2.75604  4.97028  2.18861    286 - -
          2.68618  4.42225  2.77519  2.73123  3.46354  2.40513  3.72494  3.29354  2.67741  2.69355  4.24690  2.90347  2.73739  3.18146  2.89801  2.37887  2.77519  2.98518  4.58477  3.61503
          0.01667  4.49856  5.22091  0.61958  0.77255  0.58027  0.82040
     95   2.87099  4.90276  3.25043  2.77217  3.68273  2.25446  1.68946  3.54890  2.68718  3.15344  4.02657  3.24772  4.07833  3.09606  2.93676  2.93672  3.10960  3.26305  5.11202  2.70969    287 - -
          2.68618  4.42225  2.77519  2.73123  3.46354  2.40513  3.72494  3.29354  2.67741  2.69355  4.24690  2.90347  2.73739  3.18146  2.89801  2.37887  2.77519  2.98518  4.58477  3.61503
          0.03069  4.51425  3.94892  0.61958  0.77255  0.45410  1.00791
     96   2.93481  5.17541  3.30876  2.70881  4.45085  3.35798  2.29315  3.90062  2.15486  3.42638  4.24246  3.19815  4.06766  2.91378  1.51707  2.93868  3.14275  3.55995  5.55585  3.04501    288 - -
          2.68618  4.42225  2.77519  2.73123  3.46354  2.40513  3.72494  3.29354  2.67741  2.69355  4.24690  2.90347  2.73739  3.18146  2.89801  2.37887  2.77519  2.98518  4.58477  3.61503
          0.01575  4.55492  5.27726  0.61958  0.77255  0.45733  1.00232
     97   2.80726  5.23368  3.08621  2.51878  4.57924  3.57019  2.79596  4.03334  1.76709  3.52102  4.28464  2.94324  2.67275  2.82960  2.13615  2.55489  2.87825  3.62698  5.65126  4.28627    289 - -
          2.68618  4.42225  2.77519  2.73123  3.46354  2.40513  3.72494  3.29354  2.67741  2.69355  4.24690  2.90347  2.73739  3.18146  2.89801  2.37887  2.77519  2.98518  4.58477  3.61503
          0.01533  4.58133  5.30367  0.61958  0.77255  0.48576  0.95510
     98   3.05618  5.31804  3.44561  2.80126  4.62929  3.77887  2.62749  4.08764  1.58009  3.56164  4.37944  3.24841  4.14195  2.92607  1.61361  3.04368  3.24836  3.73595  5.63040  2.72655    290 - -
          2.68618  4.42225  2.77519  2.73123  3.46354  2.40513  3.72494  3.29354  2.67741  2.69355  4.24690  2.90347  2.73739  3.18146  2.89801  2.37887  2.77519  2.98518  4.58477  3.61503
          0.01533  4.58133  5.30367  0.61958  0.77255  0.48576  0.95510
     99   2.93895  5.28365  3.25373  2.66015  4.62013  3.67764  2.98669  4.06632  1.21966  3.54722  4.33970  2.72062  4.05586  2.88371  2.37992  2.91805  3.14727  3.68877  5.64915  3.31423    291 - -
          2.68618  4.42225  2.77519  2.73123  3.46354  2.40513  3.72494  3.29354  2.67741  2.69355  4.24690  2.90347  2.73739  3.18146  2.89801  2.37887  2.77519  2.98518  4.58477  3.61503
          0.01533  4.58133  5.30367  0.61958  0.77255  0.48576  0.95510
    100   3.03903  4.77675  3.81164  3.31220  3.31574  3.87405  3.99476  3.36619  2.95744  3.00209  3.96056  3.64555  4.31020  3.47095  2.67822  3.21296  2.69312  3.13871  4.84707  1.03272    292 - -
          2.68618  4.42225  2.77519  2.73123  3.46354  2.40513  3.72494  3.29354  2.67741  2.69355  4.24690  2.90347  2.73739  3.18146  2.89801  2.37887  2.77519  2.98518  4.58477  3.61503
          0.22871  3.84418  1.69805  0.61958  0.77255  0.48576  0.95510
    101   2.38320  4.41475  2.64036  2.46831  4.00535  2.98797  3.76608  3.55086  2.64291  3.21823  4.09547  2.14014  3.64612  3.00458  3.00817  2.12385  2.78026  3.13291  5.34343  3.98078    293 - -
          2.68618  4.42225  2.77519  2.73123  3.46354  2.40513  3.72494  3.29354  2.67741  2.69355  4.24690  2.90347  2.73739  3.18146  2.89801  2.37887  2.77519  2.98518  4.58477  3.61503
          0.03919  3.65466  4.37701  0.61958  0.77255  0.62835  0.76244
    102   2.78397  4.71003  2.94625  2.62868  4.04524  3.28204  3.67218  3.46403  1.39234  3.08573  4.07423  3.05754  3.81047  2.88793  2.44440  2.84930  3.06238  3.18902  5.20296  3.98823    294 - -
          2.68618  4.42225  2.77519  2.73123  3.46354  2.40513  3.72494  3.29354  2.67741  2.69355  4.24690  2.90347  2.73739  3.18146  2.89801  2.37887  2.77519  2.98518  4.58477  3.61503
          0.03919  3.65466  4.37701  0.61958  0.77255  0.62835  0.76244
    103   2.77814  4.34601  3.75476  3.27269  2.84013  3.74660  3.88544  1.92291  3.10756  2.02219  3.23558  3.57997  4.13376  3.45182  3.36700  3.08339  3.03118  2.22733  4.52515  2.58178    295 - -
          2.68648  4.42129  2.77501  2.73153  3.46336  2.40543  3.72525  3.29180  2.67727  2.69363  4.24508  2.90349  2.73770  3.18140  2.89831  2.37851  2.77550  2.98549  4.58507  3.61533
          0.20383  1.69067        *  2.38216  0.09690  0.00000        *
//
